19010101	-67
19010102	-28
19010105	0
19010107	-22
19010108	-11
19010109	6
19010112	0
19010114	-50
19010115	17
19010116	11
19010117	-17
19010118	-83
19010119	0
19010120	22
19010121	-22
19010122	17
19010123	39
19010124	33
19010126	0
19010128	-22
19010129	-11
19010130	-6
19010131	-17
19010201	-17
19010202	-83
19010203	0
19010204	-33
19010205	-22
19010206	-11
19010207	-6
19010208	-17
19010210	-172
19010211	-167
19010212	-183
19010213	-67
19010214	-56
19010216	-333
19010217	-44
19010218	-61
19010219	-50
19010220	-39
19010221	-56
19010222	-100
19010223	-83
19010224	-72
19010225	-33
19010226	-78
19010228	6
19010301	-67
19010302	-56
19010303	-94
19010305	11
19010307	-133
19010308	0
19010310	-17
19010311	17
19010312	11
19010313	33
19010315	0
19010319	6
19010320	-33
19010321	-22
19010322	0
19010324	-17
19010325	-83
19010326	-117
19010327	-61
19010328	-22
19010329	-39
19010330	-56
19010331	-17
19010402	17
19010403	39
19010404	33
19010406	28
19010407	50
19010408	-17
19010409	17
19010410	39
19010413	0
19010414	22
19010415	-17
19010416	17
19010417	39
19010420	56
19010421	78
19010422	72
19010423	17
19010424	6
19010425	33
19010426	128
19010427	117
19010428	50
19010429	144
19010430	133
19010501	39
19010502	167
19010503	128
19010504	56
19010505	22
19010506	-33
19010507	17
19010508	39
19010509	89
19010511	133
19010512	122
19010513	72
19010514	100
19010515	117
19010516	33
19010517	144
19010518	56
19010519	122
19010520	44
19010521	128
19010522	117
19010523	211
19010524	83
19010525	56
19010526	150
19010527	111
19010528	156
19010529	117
19010530	106
19010601	83
19010602	133
19010603	178
19010604	167
19010605	156
19010606	194
19010607	239
19010608	256
19010609	217
19010610	206
19010611	111
19010612	128
19010613	117
19010614	106
19010616	133
19010617	206
19010618	167
19010619	128
19010620	222
19010621	183
19010622	172
19010623	189
19010624	150
19010625	244
19010626	156
19010627	194
19010628	106
19010629	144
19010630	189
19010701	150
19010702	139
19010703	156
19010704	194
19010705	183
19010706	256
19010707	217
19010708	178
19010709	167
19010711	250
19010712	239
19010713	228
19010714	189
19010715	206
19010716	300
19010717	156
19010718	278
19010719	267
19010721	217
19010722	206
19010723	244
19010725	278
19010726	211
19010727	200
19010728	217
19010729	206
19010730	244
19010731	233
19010801	256
19010802	189
19010803	178
19010804	139
19010805	156
19010806	194
19010807	183
19010808	200
19010809	161
19010810	178
19010811	167
19010812	261
19010813	278
19010814	183
19010815	200
19010816	217
19010817	283
19010818	272
19010819	156
19010821	183
19010822	172
19010823	189
19010824	178
19010825	139
19010826	128
19010827	222
19010828	183
19010829	172
19010830	189
19010831	150
19010902	111
19010903	100
19010904	117
19010905	106
19010906	94
19010908	89
19010910	128
19010911	117
19010913	172
19010914	161
19010915	122
19010916	111
19010917	156
19010918	117
19010919	106
19010920	172
19010921	161
19010922	150
19010923	111
19010924	128
19010925	117
19010926	106
19010927	144
19010928	161
19010929	150
19010930	167
19011001	139
19011002	128
19011003	117
19011005	144
19011006	133
19011007	122
19011008	72
19011009	100
19011010	117
19011011	106
19011012	83
19011013	56
19011014	78
19011015	72
19011016	100
19011019	83
19011021	78
19011022	72
19011023	94
19011024	39
19011025	89
19011026	83
19011027	56
19011029	111
19011030	17
19011031	39
19011101	67
19011102	61
19011103	83
19011104	28
19011105	50
19011106	72
19011107	17
19011108	11
19011109	-44
19011111	-22
19011112	22
19011113	0
19011115	-6
19011116	-72
19011117	6
19011118	-22
19011119	50
19011120	0
19011122	-6
19011123	33
19011124	6
19011125	28
19011126	22
19011127	-28
19011128	17
19011129	-106
19011130	-72
19011201	-61
19011202	-22
19011203	-39
19011204	-28
19011205	17
19011206	11
19011207	33
19011208	6
19011209	-22
19011211	-56
19011212	-94
19011213	-83
19011214	-44
19011215	-89
19011216	-50
19011217	-67
19011218	0
19011219	-94
19011220	11
19011221	-72
19011222	-33
19011223	-222
19011224	-67
19011225	-128
19011226	-94
19011227	-111
19011228	-44
19011229	-61
19011231	22
19020101	-33
19020102	-78
19020103	-183
19020104	-311
19020105	6
19020106	-133
19020107	-6
19020108	0
19020109	-50
19020110	-67
19020111	-117
19020112	-17
19020114	-72
19020115	-33
19020117	-11
19020119	-133
19020120	17
19020121	11
19020122	-139
19020123	-22
19020124	28
19020125	22
19020126	6
19020128	-6
19020129	-33
19020130	-50
19020131	-150
19020201	-11
19020202	-28
19020203	-17
19020204	-194
19020205	-161
19020206	-100
19020207	-22
19020208	-39
19020209	-56
19020210	-122
19020211	-117
19020212	-72
19020213	-61
19020214	-78
19020215	-67
19020216	-28
19020217	6
19020218	-83
19020219	-44
19020220	-33
19020221	-22
19020222	-11
19020223	-28
19020224	-17
19020226	-6
19020227	-33
19020228	-22
19020301	6
19020302	-22
19020303	-6
19020304	-56
19020305	-17
19020306	-83
19020307	22
19020308	-89
19020309	-122
19020310	-278
19020311	-161
19020312	-100
19020313	-83
19020314	-139
19020315	6
19020316	17
19020317	-11
19020318	0
19020319	-128
19020320	-139
19020322	-33
19020323	-22
19020324	11
19020325	33
19020326	-17
19020328	-44
19020329	6
19020330	17
19020331	11
19020401	11
19020402	0
19020403	-17
19020404	-100
19020405	-72
19020406	-33
19020407	-22
19020408	-39
19020409	-28
19020410	-17
19020411	28
19020412	50
19020413	6
19020414	-50
19020415	67
19020416	61
19020417	83
19020418	28
19020419	50
19020420	72
19020421	17
19020422	39
19020423	33
19020424	-17
19020425	56
19020427	6
19020428	-22
19020429	-6
19020430	0
19020502	28
19020503	78
19020504	72
19020506	39
19020507	33
19020509	56
19020510	22
19020511	72
19020512	17
19020513	67
19020514	89
19020516	128
19020517	117
19020518	72
19020519	94
19020520	67
19020521	150
19020522	83
19020523	100
19020524	117
19020525	106
19020526	17
19020527	67
19020528	150
19020529	167
19020530	156
19020531	117
19020601	78
19020602	72
19020603	144
19020604	189
19020605	33
19020606	139
19020607	56
19020608	50
19020609	106
19020610	94
19020611	67
19020612	150
19020613	111
19020614	156
19020615	78
19020616	239
19020617	94
19020619	122
19020620	167
19020621	128
19020622	117
19020623	72
19020624	172
19020625	189
19020626	122
19020627	167
19020628	128
19020629	117
19020630	106
19020701	144
19020702	161
19020703	150
19020704	139
19020705	156
19020706	194
19020707	106
19020708	94
19020709	67
19020710	122
19020711	111
19020712	128
19020713	117
19020714	106
19020715	172
19020716	217
19020717	150
19020718	183
19020719	200
19020720	133
19020721	150
19020722	167
19020723	128
19020724	194
19020725	183
19020726	200
19020728	178
19020729	139
19020730	156
19020731	117
19020801	117
19020803	172
19020804	133
19020805	150
19020807	156
19020808	194
19020809	183
19020810	144
19020811	133
19020812	122
19020813	139
19020814	156
19020815	117
19020816	106
19020818	161
19020819	178
19020820	167
19020821	156
19020822	89
19020823	106
19020824	172
19020825	133
19020826	122
19020828	128
19020829	89
19020830	106
19020901	144
19020902	161
19020903	122
19020904	139
19020905	156
19020906	117
19020907	106
19020908	56
19020909	133
19020911	94
19020912	100
19020913	89
19020914	83
19020915	56
19020917	122
19020918	111
19020919	67
19020920	61
19020922	56
19020923	78
19020924	122
19020925	139
19020926	100
19020927	61
19020928	83
19020929	56
19020930	50
19021001	44
19021003	67
19021004	33
19021006	106
19021007	78
19021008	72
19021009	-44
19021010	67
19021011	61
19021013	56
19021014	78
19021015	6
19021016	17
19021017	67
19021018	33
19021020	28
19021021	22
19021022	6
19021023	-44
19021024	67
19021025	61
19021027	56
19021028	50
19021029	72
19021031	39
19021101	67
19021102	61
19021104	28
19021105	-33
19021106	-22
19021107	17
19021108	39
19021109	61
19021111	56
19021112	50
19021113	44
19021114	17
19021115	39
19021116	0
19021118	28
19021119	22
19021120	44
19021121	-11
19021122	11
19021123	33
19021125	-111
19021126	-61
19021127	6
19021128	-67
19021129	-28
19021201	-161
19021202	-128
19021203	-144
19021204	-78
19021205	-67
19021206	11
19021207	0
19021209	-72
19021210	-61
19021211	6
19021212	-11
19021213	11
19021214	0
19021217	22
19021218	6
19021219	-11
19021220	11
19021221	0
19021222	-83
19021223	28
19021224	22
19021225	6
19021226	-39
19021227	-6
19021228	0
19021229	-128
19021230	-44
19021231	-33
19010101	-139
19010102	-22
19010103	-11
19010105	-17
19010106	6
19010107	-44
19010108	39
19010109	-22
19010110	-11
19010112	-17
19010113	6
19010114	-44
19010115	-6
19010116	-50
19010117	-11
19010118	-28
19010119	-17
19010120	6
19010122	39
19010123	0
19010125	28
19010126	22
19010129	-33
19010130	-22
19010131	-39
19010201	-11
19010202	-28
19010203	-94
19010204	6
19010205	17
19010206	-33
19010207	-22
19010209	-28
19010210	-117
19010211	-83
19010212	-72
19010213	-200
19010214	-50
19010215	-183
19010216	-28
19010217	-94
19010218	-100
19010219	-144
19010220	-61
19010221	-22
19010222	-67
19010223	-28
19010224	-133
19010226	-172
19010227	-6
19010301	-89
19010302	-78
19010303	-67
19010304	-6
19010305	0
19010308	-33
19010309	-50
19010310	17
19010311	11
19010312	0
19010313	-111
19010314	28
19010315	50
19010316	6
19010317	17
19010318	-6
19010319	-17
19010320	-106
19010321	-122
19010322	22
19010323	44
19010324	-11
19010325	-56
19010326	-94
19010327	-83
19010328	-44
19010329	-33
19010330	-22
19010331	-11
19010402	39
19010403	61
19010405	28
19010406	22
19010407	44
19010408	17
19010409	39
19010410	33
19010412	28
19010413	22
19010414	6
19010415	-11
19010416	11
19010417	61
19010419	28
19010420	22
19010421	6
19010422	17
19010423	39
19010424	33
19010426	28
19010427	139
19010428	72
19010429	194
19010430	39
19010501	61
19010502	83
19010504	22
19010505	6
19010507	11
19010508	33
19010509	100
19010510	117
19010511	78
19010512	256
19010513	133
19010514	150
19010515	167
19010516	156
19010517	28
19010518	50
19010519	72
19010520	17
19010521	67
19010522	167
19010523	128
19010524	117
19010525	106
19010526	144
19010527	133
19010528	178
19010529	139
19010530	156
19010531	56
19010601	117
19010602	183
19010603	44
19010604	189
19010605	206
19010606	139
19010607	233
19010608	250
19010609	267
19010610	144
19010611	217
19010612	122
19010613	111
19010614	128
19010615	117
19010616	106
19010617	144
19010618	217
19010619	206
19010620	167
19010621	156
19010622	194
19010623	267
19010624	256
19010626	206
19010627	167
19010628	156
19010630	183
19010701	144
19010702	189
19010703	122
19010704	111
19010705	128
19010706	194
19010707	211
19010708	172
19010709	161
19010710	283
19010711	167
19010712	289
19010713	194
19010714	239
19010715	172
19010716	217
19010717	206
19010718	244
19010719	233
19010720	250
19010721	183
19010722	228
19010723	217
19010724	206
19010726	289
19010727	306
19010728	211
19010729	228
19010730	217
19010731	206
19010801	194
19010802	239
19010803	200
19010804	189
19010805	178
19010806	167
19010807	156
19010809	211
19010810	200
19010811	217
19010812	178
19010813	244
19010814	261
19010815	278
19010816	267
19010817	228
19010819	178
19010820	139
19010821	156
19010822	194
19010823	183
19010824	144
19010825	161
19010826	178
19010828	156
19010829	117
19010830	106
19010831	172
19010901	144
19010902	56
19010903	78
19010904	72
19010905	128
19010906	117
19010907	89
19010908	172
19010909	133
19010910	50
19010911	167
19010912	100
19010913	67
19010914	106
19010915	172
19010916	133
19010917	122
19010918	139
19010919	156
19010920	117
19010921	106
19010922	172
19010923	133
19010924	178
19010925	111
19010926	100
19010927	117
19010928	106
19010929	144
19011001	133
19011002	150
19011003	139
19011004	128
19011005	117
19011006	106
19011008	94
19011009	122
19011010	111
19011011	128
19011013	78
19011014	72
19011015	94
19011016	67
19011017	111
19011018	100
19011020	78
19011021	72
19011022	94
19011023	67
19011024	89
19011025	100
19011027	78
19011030	67
19011031	61
19011101	89
19011102	83
19011103	28
19011104	50
19011105	44
19011106	17
19011107	11
19011110	28
19011111	-44
19011112	-33
19011113	-22
19011114	6
19011115	33
19011116	-17
19011117	28
19011118	-72
19011119	-33
19011120	17
19011121	-6
19011122	-28
19011123	-17
19011124	0
19011125	22
19011126	-33
19011127	17
19011128	-6
19011129	-28
19011130	-94
19011201	-100
19011202	-44
19011203	-61
19011204	-106
19011205	6
19011206	-117
19011207	-94
19011208	28
19011209	-44
19011210	-33
19011211	-78
19011212	-117
19011213	-133
19011214	-94
19011215	-83
19011216	-72
19011217	-89
19011218	-78
19011219	6
19011220	-28
19011221	-17
19011222	0
19011223	-139
19011225	-122
19011226	-278
19011227	-28
19011228	-100
19011229	-83
19011230	22
19020101	-117
19020102	6
19020103	-61
19020104	-228
19020105	17
19020106	11
19020107	-17
19020108	-83
19020109	28
19020110	22
19020111	-50
19020112	-11
19020113	-6
19020114	-94
19020115	-189
19020116	28
19020117	-33
19020118	-111
19020119	-106
19020120	11
19020121	-94
19020122	-133
19020123	6
19020124	22
19020126	17
19020127	11
19020128	-17
19020129	-83
19020130	-44
19020131	-33
19020201	22
19020202	-50
19020203	-11
19020204	-139
19020206	-122
19020207	-72
19020208	-89
19020209	-50
19020210	-67
19020211	-111
19020212	-94
19020213	-83
19020214	-44
19020215	-61
19020216	-22
19020217	17
19020218	-6
19020219	-106
19020221	-44
19020222	-33
19020223	-22
19020224	0
19020225	-6
19020226	-17
19020228	6
19020301	17
19020302	11
19020303	-33
19020304	-78
19020305	6
19020307	-17
19020308	-83
19020309	-172
19020310	-89
19020311	-78
19020312	-122
19020313	-28
19020314	-17
19020315	0
19020316	11
19020317	-33
19020318	-78
19020319	-39
19020321	-94
19020323	11
19020324	33
19020326	6
19020327	22
19020328	-17
19020329	17
19020330	-6
19020331	-33
19020401	-61
19020402	-50
19020403	-11
19020404	22
19020405	-17
19020406	17
19020408	-33
19020409	-22
19020410	-39
19020411	22
19020413	17
19020414	67
19020415	33
19020416	-22
19020417	28
19020418	22
19020420	17
19020421	67
19020422	33
19020423	-22
19020424	56
19020425	50
19020426	-17
19020427	17
19020428	11
19020429	33
19020501	6
19020502	50
19020504	17
19020505	11
19020506	61
19020508	28
19020509	22
19020510	44
19020511	17
19020512	67
19020513	89
19020514	83
19020515	133
19020516	78
19020517	111
19020518	128
19020519	117
19020520	106
19020521	144
19020522	161
19020523	122
19020524	111
19020525	128
19020526	67
19020527	61
19020528	83
19020529	133
19020530	122
19020531	139
19020601	72
19020602	156
19020603	117
19020604	106
19020605	144
19020606	56
19020607	78
19020608	111
19020609	100
19020610	67
19020611	61
19020612	144
19020614	206
19020615	139
19020617	67
19020618	89
19020619	172
19020620	189
19020621	178
19020622	167
19020623	128
19020625	106
19020626	200
19020627	133
19020628	150
19020629	167
19020630	128
19020701	67
19020702	106
19020703	83
19020704	189
19020705	122
19020706	139
19020707	128
19020709	106
19020710	144
19020712	150
19020714	100
19020715	117
19020716	89
19020717	172
19020718	156
19020719	117
19020720	106
19020721	172
19020722	161
19020724	139
19020725	156
19020727	183
19020728	200
19020729	133
19020730	150
19020731	167
19020801	139
19020802	128
19020803	117
19020805	172
19020806	189
19020807	178
19020809	156
19020811	106
19020812	172
19020813	133
19020814	150
19020815	139
19020816	100
19020817	117
19020819	144
19020820	133
19020821	150
19020822	111
19020823	100
19020824	117
19020825	183
19020826	144
19020827	133
19020828	178
19020829	167
19020830	128
19020831	78
19020901	117
19020904	133
19020905	178
19020906	111
19020907	100
19020908	117
19020909	183
19020910	94
19020911	39
19020912	122
19020913	111
19020915	78
19020916	106
19020917	94
19020918	67
19020919	61
19020921	56
19020922	78
19020923	72
19020924	94
19020925	133
19020926	89
19020927	83
19020928	56
19020929	78
19020930	72
19021002	67
19021003	89
19021005	56
19021006	100
19021007	44
19021008	17
19021009	39
19021010	61
19021012	56
19021013	50
19021014	72
19021015	0
19021016	67
19021017	33
19021018	83
19021019	56
19021020	-22
19021021	72
19021022	0
19021023	-6
19021024	89
19021026	56
19021027	50
19021028	72
19021029	17
19021030	67
19021031	61
19021101	61
19021103	28
19021104	22
19021106	0
19021107	39
19021108	33
19021110	56
19021111	50
19021112	44
19021114	39
19021115	-78
19021116	-39
19021117	-28
19021118	22
19021120	0
19021121	11
19021122	33
19021123	-11
19021125	-17
19021126	-83
19021127	17
19021128	11
19021129	-50
19021130	-67
19021201	-183
19021202	-94
19021203	-83
19021204	-44
19021205	-6
19021206	-50
19021207	-39
19021208	6
19021210	-83
19021211	17
19021212	11
19021213	-22
19021215	28
19021216	-17
19021217	-133
19021218	-44
19021219	-33
19021220	-22
19021221	-67
19021222	-28
19021223	-17
19021225	0
19021226	-89
19021227	-22
19021228	-11
19021229	-56
19021230	-94
19021231	-83
19010101	-83
19010102	-156
19010103	-33
19010104	-50
19010105	-11
19010106	17
19010107	-6
19010109	-44
19010110	6
19010111	-22
19010112	-11
19010113	17
19010114	-6
19010116	-44
19010117	6
19010118	-22
19010119	-39
19010120	0
19010121	-17
19010124	28
19010125	22
19010126	-11
19010127	-28
19010128	-17
19010130	-44
19010131	-33
19010201	-33
19010202	-22
19010203	-167
19010204	0
19010207	-44
19010208	-89
19010209	-200
19010210	-111
19010211	-183
19010212	-94
19010213	-83
19010214	-72
19010215	-89
19010216	-50
19010217	-106
19010220	-161
19010221	-44
19010222	-33
19010223	-22
19010224	-106
19010225	-122
19010226	-6
19010227	-133
19010228	-44
19010301	-172
19010302	-139
19010303	-61
19010304	-22
19010306	6
19010307	22
19010308	-172
19010309	0
19010310	39
19010312	-11
19010313	28
19010314	22
19010316	17
19010317	-6
19010318	-22
19010319	-11
19010320	6
19010321	-17
19010322	-111
19010323	17
19010324	11
19010325	-78
19010326	-67
19010327	-100
19010328	-94
19010329	-167
19010331	11
19010401	11
19010403	-39
19010404	28
19010405	22
19010407	0
19010408	39
19010409	33
19010411	56
19010412	50
19010413	44
19010414	0
19010415	-6
19010417	-39
19010418	28
19010419	50
19010420	72
19010421	17
19010422	67
19010423	33
19010424	83
19010425	106
19010426	22
19010427	72
19010428	94
19010429	67
19010501	117
19010502	6
19010503	78
19010504	-22
19010505	0
19010506	11
19010507	33
19010508	83
19010509	122
19010510	78
19010511	233
19010512	222
19010513	106
19010514	172
19010515	133
19010516	56
19010517	22
19010519	17
19010520	106
19010521	61
19010522	161
19010523	206
19010524	78
19010525	128
19010526	117
19010527	106
19010528	89
19010529	189
19010530	56
19010531	111
19010601	111
19010602	156
19010603	117
19010604	106
19010605	172
19010606	217
19010607	206
19010608	167
19010609	156
19010610	222
19010611	239
19010612	89
19010613	133
19010614	56
19010615	167
19010616	156
19010617	194
19010618	211
19010620	189
19010621	178
19010622	167
19010623	233
19010624	278
19010625	239
19010626	228
19010627	161
19010628	150
19010629	167
19010630	128
19010703	144
19010704	161
19010705	206
19010706	167
19010707	261
19010708	222
19010709	267
19010710	228
19010711	189
19010712	206
19010713	167
19010714	261
19010715	278
19010716	239
19010717	228
19010719	206
19010720	244
19010721	261
19010722	222
19010723	239
19010724	200
19010725	217
19010726	206
19010727	244
19010728	289
19010729	278
19010730	267
19010731	256
19010802	261
19010804	211
19010805	200
19010806	161
19010807	206
19010808	167
19010809	156
19010811	239
19010812	256
19010813	217
19010814	206
19010815	272
19010817	278
19010818	211
19010819	172
19010820	189
19010821	206
19010822	167
19010823	156
19010824	117
19010825	183
19010826	172
19010827	189
19010829	111
19010830	156
19010831	117
19010901	117
19010902	50
19010903	72
19010904	94
19010905	122
19010906	139
19010907	156
19010909	106
19010910	172
19010911	94
19010912	178
19010913	111
19010914	156
19010915	117
19010916	106
19010917	172
19010918	133
19010919	150
19010920	139
19010921	100
19010922	117
19010923	183
19010924	172
19010925	161
19010926	122
19010927	167
19010928	156
19010929	117
19010930	106
19011001	106
19011002	89
19011003	133
19011004	150
19011005	139
19011006	128
19011007	117
19011008	106
19011009	89
19011010	83
19011011	122
19011012	111
19011013	100
19011014	94
19011015	67
19011016	89
19011017	83
19011018	56
19011019	78
19011020	100
19011021	94
19011022	106
19011023	89
19011024	83
19011025	56
19011026	78
19011027	100
19011029	106
19011030	61
19011031	83
19011102	56
19011103	78
19011104	6
19011105	17
19011106	67
19011107	33
19011108	-22
19011109	28
19011111	-17
19011112	-83
19011113	-6
19011114	0
19011115	-22
19011116	-39
19011117	22
19011118	-17
19011120	-44
19011121	0
19011122	-50
19011123	-117
19011124	-189
19011125	44
19011126	17
19011127	11
19011128	0
19011129	-22
19011130	-161
19011201	-206
19011202	-17
19011203	-83
19011204	-6
19011205	0
19011206	-111
19011207	28
19011208	-56
19011209	6
19011210	-100
19011212	-33
19011213	-50
19011214	-39
19011215	-56
19011216	-94
19011217	-100
19011218	-72
19011219	-89
19011221	-11
19011222	-28
19011223	-161
19011224	-83
19011226	-61
19011227	-50
19011228	-122
19011229	22
19011230	-17
19011231	-83
19020101	28
19020102	-94
19020103	-83
19020104	-44
19020105	11
19020106	6
19020107	-11
19020108	28
19020109	22
19020111	-72
19020112	-100
19020113	-50
19020114	-111
19020115	-28
19020116	-17
19020117	-83
19020118	-133
19020119	-6
19020120	6
19020121	-11
19020122	-56
19020123	-17
19020125	17
19020126	11
19020127	6
19020128	-11
19020129	-28
19020130	-94
19020131	-222
19020201	-83
19020202	17
19020203	-6
19020204	-133
19020205	-128
19020206	-56
19020207	-111
19020208	-83
19020209	-44
19020210	-33
19020211	-133
19020212	-11
19020214	-94
19020216	-150
19020217	11
19020218	-50
19020219	117
19020220	-56
19020221	-17
19020223	-44
19020224	-33
19020225	-22
19020226	-11
19020227	-28
19020228	0
19020301	-6
19020302	6
19020304	-44
19020305	0
19020308	-122
19020309	-94
19020310	-83
19020311	-72
19020313	-22
19020314	-11
19020315	11
19020316	6
19020318	-72
19020319	0
19020320	-22
19020321	-67
19020322	-28
19020323	-17
19020324	-100
19020325	28
19020326	22
19020327	-22
19020328	-39
19020329	-28
19020330	-17
19020331	-83
19020401	-83
19020402	28
19020403	-33
19020404	-22
19020405	-11
19020406	-28
19020407	6
19020408	-83
19020409	-44
19020410	0
19020411	-50
19020412	17
19020413	67
19020414	61
19020416	56
19020417	50
19020418	72
19020419	17
19020420	11
19020421	33
19020423	28
19020424	0
19020425	72
19020426	17
19020427	-6
19020428	33
19020430	56
19020501	50
19020502	72
19020503	17
19020504	122
19020505	33
19020507	56
19020508	22
19020509	44
19020510	17
19020511	67
19020512	33
19020514	28
19020515	106
19020516	72
19020517	94
19020518	178
19020519	33
19020520	128
19020521	56
19020522	78
19020523	72
19020525	150
19020526	111
19020527	156
19020528	117
19020529	183
19020530	200
19020531	133
19020601	17
19020602	67
19020603	61
19020604	128
19020605	117
19020606	78
19020607	72
19020608	133
19020609	122
19020610	139
19020611	83
19020612	56
19020613	106
19020614	144
19020616	67
19020617	167
19020618	128
19020619	56
19020620	78
19020621	172
19020622	133
19020623	178
19020624	139
19020625	100
19020626	117
19020627	106
19020628	228
19020629	94
19020630	150
19020701	139
19020702	83
19020704	183
19020706	161
19020707	150
19020708	111
19020709	128
19020710	117
19020711	106
19020712	144
19020713	161
19020714	122
19020715	89
19020716	128
19020717	117
19020718	150
19020719	167
19020720	128
19020723	144
19020724	133
19020725	178
19020726	139
19020727	156
19020729	106
19020730	172
19020731	133
19020802	150
19020803	139
19020804	128
19020805	117
19020808	189
19020809	178
19020810	167
19020811	128
19020812	117
19020813	106
19020814	144
19020815	133
19020816	122
19020817	139
19020818	156
19020819	117
19020821	144
19020823	78
19020824	111
19020825	156
19020826	117
19020827	106
19020828	172
19020829	133
19020830	78
19020831	139
19020901	111
19020902	100
19020904	106
19020905	172
19020906	161
19020907	178
19020908	167
19020909	156
19020910	117
19020911	106
19020912	83
19020914	78
19020915	72
19020916	100
19020917	117
19020918	89
19020920	56
19020921	50
19020923	100
19020924	117
19020925	61
19020926	83
19020928	78
19020929	111
19020930	-22
19021001	39
19021002	33
19021003	83
19021004	28
19021005	78
19021006	72
19021007	94
19021008	67
19021009	33
19021011	56
19021012	50
19021013	44
19021015	67
19021016	6
19021017	83
19021018	56
19021019	0
19021021	17
19021022	11
19021023	33
19021024	83
19021025	56
19021026	50
19021027	72
19021028	17
19021029	67
19021030	61
19021101	83
19021102	56
19021103	50
19021104	44
19021105	-28
19021106	-17
19021107	33
19021109	56
19021110	50
19021111	44
19021112	-28
19021113	-6
19021114	33
19021116	-61
19021117	22
19021118	-11
19021119	17
19021120	39
19021121	33
19021123	28
19021124	22
19021125	-106
19021126	-28
19021127	11
19021129	-44
19021130	-111
19021201	-100
19021202	-144
19021203	-56
19021204	-94
19021205	6
19021206	-72
19021207	-133
19021208	0
19021209	-11
19021210	17
19021211	11
19021212	6
19021213	-44
19021214	-61
19021215	22
19021216	-11
19021217	17
19021218	11
19021219	6
19021220	-44
19021221	-61
19021222	0
19021224	17
19021225	11
19021226	-83
19021227	-44
19021228	-33
19021229	-22
19021230	-111
19021231	-28
19010101	-106
19010102	-17
19010104	-44
19010105	-33
19010106	11
19010107	-11
19010108	-28
19010109	-17
19010110	0
19010111	-44
19010112	-33
19010113	11
19010114	6
19010116	28
19010117	0
19010118	-44
19010119	-33
19010120	11
19010121	6
19010122	-56
19010123	28
19010124	22
19010125	-44
19010127	-6
19010128	-11
19010129	-28
19010201	-83
19010202	-44
19010203	-33
19010204	-6
19010205	6
19010206	-28
19010207	-17
19010208	0
19010210	-133
19010211	-78
19010213	-56
19010214	-183
19010215	-150
19010216	-133
19010217	-89
19010218	-50
19010219	-67
19010220	-56
19010221	-17
19010222	-117
19010223	-44
19010224	-89
19010225	-22
19010226	-39
19010227	-106
19010228	-178
19010301	-56
19010302	-94
19010303	-83
19010305	-33
19010306	22
19010307	-11
19010308	-28
19010309	-6
19010310	6
19010312	-33
19010313	-78
19010314	-11
19010315	17
19010316	-6
19010317	6
19010319	-61
19010320	-50
19010322	-28
19010323	11
19010324	6
19010325	-111
19010326	-89
19010327	-50
19010328	-67
19010329	-28
19010330	-6
19010401	33
19010403	28
19010404	22
19010406	17
19010407	11
19010408	61
19010410	28
19010411	50
19010412	-11
19010413	-28
19010414	11
19010416	-44
19010417	28
19010418	100
19010419	44
19010420	17
19010421	67
19010422	33
19010423	83
19010424	56
19010425	100
19010428	172
19010429	161
19010430	83
19010501	56
19010502	100
19010503	72
19010504	17
19010505	-6
19010506	6
19010507	-11
19010508	28
19010510	189
19010511	178
19010512	167
19010513	100
19010514	222
19010515	106
19010516	144
19010517	72
19010518	94
19010519	67
19010520	100
19010521	83
19010522	106
19010523	200
19010524	133
19010525	94
19010526	111
19010527	156
19010528	117
19010529	106
19010530	144
19010531	161
19010601	161
19010602	122
19010603	139
19010604	156
19010607	172
19010608	133
19010609	206
19010612	83
19010613	106
19010614	78
19010615	133
19010616	150
19010617	111
19010618	156
19010620	183
19010621	228
19010622	189
19010623	206
19010624	244
19010625	261
19010626	278
19010627	106
19010628	172
19010629	161
19010630	178
19010701	167
19010703	117
19010704	183
19010705	144
19010706	161
19010707	122
19010708	139
19010709	233
19010711	183
19010712	228
19010713	161
19010714	178
19010715	244
19010716	156
19010717	278
19010718	211
19010719	256
19010720	294
19010721	311
19010722	272
19010723	233
19010724	278
19010725	211
19010726	256
19010727	217
19010728	206
19010729	244
19010730	261
19010731	194
19010801	189
19010802	206
19010803	167
19010806	183
19010807	200
19010808	217
19010809	178
19010810	111
19010811	156
19010812	222
19010813	211
19010814	228
19010815	217
19010816	206
19010818	156
19010819	250
19010820	183
19010821	172
19010822	161
19010823	178
19010824	139
19010825	156
19010827	211
19010828	172
19010829	189
19010830	150
19010831	139
19010901	111
19010902	100
19010903	117
19010904	106
19010905	89
19010906	83
19010907	122
19010908	167
19010909	100
19010910	117
19010911	106
19010912	172
19010913	161
19010915	111
19010916	128
19010917	117
19010918	106
19010919	144
19010920	133
19010921	150
19010922	111
19010923	156
19010924	117
19010925	106
19010926	172
19010927	189
19010929	167
19010930	156
19011001	156
19011003	106
19011004	144
19011005	133
19011006	122
19011007	111
19011008	100
19011009	83
19011010	106
19011011	22
19011012	72
19011013	94
19011014	67
19011015	100
19011016	83
19011017	106
19011018	78
19011019	72
19011020	94
19011021	67
19011022	100
19011023	83
19011025	78
19011026	72
19011027	94
19011028	111
19011029	61
19011031	56
19011102	78
19011103	72
19011104	17
19011105	67
19011106	61
19011108	28
19011109	22
19011110	-22
19011111	-11
19011112	-6
19011115	-44
19011116	-61
19011117	-22
19011118	0
19011119	11
19011121	-83
19011122	-72
19011123	-33
19011124	-22
19011125	-11
19011126	39
19011127	33
19011128	-83
19011129	-44
19011130	-89
19011201	-22
19011202	17
19011203	11
19011204	-17
19011205	-117
19011206	28
19011207	22
19011208	-22
19011209	0
19011210	-122
19011211	-94
19011212	-83
19011213	-72
19011214	-61
19011215	-78
19011216	-67
19011217	-28
19011218	-117
19011219	-83
19011220	6
19011221	-33
19011223	-239
19011224	-56
19011225	-117
19011226	-161
19011227	-100
19011228	-89
19011229	-22
19011230	17
19011231	-6
19020101	-22
19020102	-11
19020103	-144
19020104	-6
19020106	0
19020107	28
19020108	22
19020109	-11
19020110	17
19020111	-17
19020112	-83
19020113	-72
19020114	-89
19020115	-78
19020116	-11
19020117	-28
19020118	-17
19020119	-206
19020120	0
19020121	-133
19020122	-22
19020123	-11
19020124	17
19020125	11
19020127	0
19020128	-33
19020129	-50
19020130	-67
19020131	-111
19020201	6
19020203	-83
19020204	-72
19020205	-150
19020206	-50
19020207	-11
19020208	-28
19020210	-111
19020211	-72
19020212	-122
19020213	-50
19020214	-133
19020215	-28
19020216	11
19020218	0
19020219	-33
19020220	-22
19020221	-11
19020222	-28
19020223	-6
19020225	0
19020226	-33
19020227	-22
19020228	-11
19020301	-22
19020302	0
19020303	-28
19020305	-83
19020306	17
19020307	11
19020308	-78
19020309	-111
19020310	-28
19020311	-17
19020312	-83
19020314	-6
19020315	-22
19020316	0
19020317	-28
19020318	-122
19020319	-117
19020320	17
19020321	-144
19020322	-50
19020323	-11
19020325	22
19020327	17
19020328	-33
19020329	-22
19020330	0
19020401	-28
19020402	-17
19020404	-72
19020405	-6
19020406	-22
19020407	0
19020408	-28
19020409	-17
19020410	-83
19020411	17
19020412	-33
19020413	-50
19020414	-39
19020415	28
19020416	22
19020417	72
19020418	17
19020419	39
19020421	83
19020422	-56
19020423	22
19020424	44
19020425	17
19020426	11
19020427	-50
19020428	0
19020429	28
19020430	50
19020501	72
19020502	17
19020503	39
19020504	33
19020506	56
19020507	22
19020509	17
19020510	67
19020511	61
19020512	0
19020513	56
19020514	111
19020515	44
19020516	94
19020517	11
19020518	89
19020519	83
19020520	56
19020521	50
19020522	156
19020523	6
19020525	172
19020526	133
19020527	122
19020529	156
19020531	211
19020601	67
19020602	89
19020603	133
19020604	150
19020605	139
19020606	100
19020607	94
19020608	67
19020609	61
19020611	56
19020612	111
19020613	128
19020614	117
19020615	183
19020616	172
19020617	161
19020618	150
19020619	111
19020620	100
19020621	222
19020622	183
19020624	161
19020625	206
19020626	111
19020627	156
19020629	106
19020630	89
19020701	161
19020702	150
19020703	111
19020704	156
19020705	94
19020706	106
19020707	172
19020709	56
19020710	167
19020711	100
19020712	117
19020713	106
19020714	200
19020715	133
19020716	178
19020717	139
19020718	144
19020719	217
19020720	122
19020721	139
19020722	156
19020723	194
19020724	106
19020726	133
19020727	206
19020728	167
19020729	100
19020730	117
19020731	106
19020802	200
19020803	189
19020804	178
19020805	167
19020806	156
19020807	117
19020809	200
19020810	161
19020811	122
19020812	139
19020813	128
19020814	117
19020815	106
19020817	94
19020818	178
19020820	156
19020821	117
19020822	106
19020824	133
19020825	150
19020826	139
19020827	128
19020829	106
19020830	144
19020831	133
19020901	94
19020902	150
19020903	167
19020904	156
19020906	183
19020907	72
19020908	133
19020909	150
19020910	111
19020911	100
19020912	56
19020913	78
19020914	72
19020915	94
19020916	67
19020917	111
19020918	100
19020919	56
19020920	50
19020921	72
19020922	94
19020923	122
19020924	111
19020925	83
19020927	78
19020928	72
19020930	11
19021001	33
19021002	0
19021003	28
19021004	50
19021005	72
19021006	17
19021007	67
19021008	61
19021010	56
19021011	78
19021013	6
19021014	67
19021015	-44
19021016	0
19021017	28
19021018	78
19021019	44
19021020	17
19021021	11
19021022	61
19021023	-61
19021024	56
19021025	50
19021026	44
19021027	6
19021029	61
19021031	56
19021101	56
19021102	22
19021103	44
19021104	17
19021105	-6
19021106	-39
19021107	-28
19021108	28
19021109	22
19021110	44
19021112	11
19021113	33
19021114	0
19021115	28
19021117	-44
19021118	17
19021119	39
19021120	33
19021121	0
19021122	28
19021123	22
19021124	-44
19021125	-61
19021126	11
19021127	-139
19021128	-56
19021130	-83
19021201	-122
19021202	-89
19021203	-161
19021204	-39
19021205	-28
19021206	-17
19021209	17
19021210	-6
19021211	-11
19021212	0
19021213	28
19021214	22
19021216	17
19021217	-6
19021218	-39
19021219	-56
19021221	-83
19021222	-44
19021223	17
19021224	11
19021225	-11
19021226	0
19021227	-106
19021231	-100
19010101	-78
19010102	-11
19010103	-28
19010104	-17
19010105	11
19010107	-33
19010108	-22
19010109	-11
19010110	-28
19010111	-17
19010112	11
19010113	-72
19010114	-33
19010115	-22
19010116	22
19010117	-28
19010119	11
19010121	0
19010122	-22
19010123	22
19010124	-28
19010125	17
19010126	11
19010128	-33
19010129	-22
19010130	-39
19010131	-28
19010203	-83
19010204	-44
19010205	0
19010206	-22
19010207	-67
19010208	-28
19010209	-111
19010210	-83
19010211	-122
19010212	-89
19010213	-78
19010214	-128
19010215	-200
19010216	-94
19010217	-83
19010218	-72
19010219	-89
19010220	-78
19010221	-39
19010222	-56
19010224	-150
19010225	-44
19010226	-61
19010227	-78
19010228	-39
19010301	-78
19010302	-106
19010303	-28
19010304	-17
19010306	-44
19010307	17
19010308	-6
19010309	-11
19010310	0
19010311	28
19010312	22
19010313	-44
19010314	17
19010315	11
19010316	-11
19010317	0
19010318	-17
19010320	-44
19010321	-33
19010322	-50
19010323	33
19010324	0
19010325	-94
19010326	-83
19010327	-200
19010328	-33
19010329	-22
19010330	-39
19010331	-28
19010402	28
19010403	22
19010405	17
19010406	11
19010407	33
19010408	0
19010409	28
19010410	22
19010411	44
19010412	17
19010413	39
19010414	-11
19010415	0
19010416	28
19010417	78
19010419	17
19010420	39
19010421	-11
19010422	0
19010423	56
19010424	22
19010425	72
19010426	94
19010427	100
19010428	89
19010429	106
19010430	172
19010501	161
19010502	150
19010503	111
19010504	39
19010506	0
19010507	28
19010508	50
19010509	72
19010510	94
19010511	228
19010512	217
19010513	206
19010514	167
19010516	117
19010517	94
19010518	67
19010519	61
19010521	139
19010522	100
19010524	106
19010525	172
19010526	133
19010528	111
19010529	100
19010530	44
19010531	106
19010601	106
19010602	144
19010603	133
19010604	83
19010605	167
19010606	78
19010607	222
19010608	211
19010609	200
19010610	217
19010611	178
19010612	167
19010613	128
19010614	72
19010615	183
19010616	67
19010617	189
19010618	150
19010619	167
19010620	128
19010622	239
19010625	206
19010627	128
19010629	183
19010630	144
19010701	161
19010702	150
19010703	167
19010704	156
19010705	222
19010706	239
19010707	256
19010708	133
19010709	150
19010710	167
19010711	261
19010712	194
19010713	267
19010714	172
19010715	161
19010717	244
19010718	261
19010719	278
19010720	239
19010721	256
19010722	294
19010723	283
19010724	272
19010725	289
19010726	306
19010727	267
19010728	228
19010729	294
19010730	206
19010801	211
19010802	256
19010803	161
19010804	206
19010805	167
19010806	156
19010808	183
19010809	172
19010810	217
19010811	206
19010812	167
19010813	156
19010814	278
19010815	267
19010816	228
19010817	217
19010818	178
19010820	156
19010822	183
19010823	172
19010824	161
19010825	122
19010826	167
19010827	156
19010828	194
19010830	144
19010831	72
19010901	133
19010902	94
19010903	111
19010904	128
19010905	117
19010906	106
19010907	144
19010908	161
19010909	178
19010910	167
19010912	83
19010913	106
19010914	144
19010915	133
19010916	150
19010917	139
19010918	128
19010919	117
19010920	106
19010921	172
19010922	161
19010923	94
19010924	167
19010925	156
19010926	117
19010927	183
19010928	144
19010929	161
19010930	178
19011001	122
19011002	139
19011003	128
19011004	117
19011005	106
19011007	133
19011008	83
19011009	111
19011010	128
19011011	117
19011012	106
19011013	67
19011014	61
19011015	83
19011016	111
19011017	100
19011018	72
19011019	106
19011020	67
19011021	89
19011022	83
19011023	56
19011024	100
19011025	72
19011026	94
19011028	89
19011030	56
19011031	78
19011101	78
19011102	72
19011104	67
19011105	61
19011108	0
19011110	17
19011111	-33
19011112	-50
19011113	-11
19011117	17
19011118	-89
19011119	-22
19011120	-11
19011121	-28
19011122	0
19011124	-156
19011125	11
19011126	33
19011128	-28
19011129	-17
19011130	-83
19011201	-72
19011202	-6
19011203	-22
19011205	28
19011206	22
19011208	17
19011209	11
19011210	-50
19011211	-67
19011212	-106
19011213	-122
19011214	-83
19011215	-44
19011216	-33
19011217	-50
19011218	-111
19011219	-56
19011220	0
19011223	-33
19011224	-78
19011225	-67
19011226	-106
19011227	-94
19011228	-117
19011229	17
19011230	11
19011231	6
19020101	-44
19020102	-89
19020103	-78
19020104	-11
19020105	-128
19020106	-94
19020107	6
19020109	-61
19020110	11
19020111	-67
19020112	-200
19020113	-139
19020114	-106
19020115	-283
19020116	17
19020117	0
19020118	-67
19020120	-94
19020121	6
19020122	-122
19020123	-33
19020124	11
19020127	-17
19020129	-44
19020130	-33
19020131	-22
19020201	11
19020202	-11
19020203	-28
19020204	-17
19020205	-83
19020206	-44
19020207	-33
19020208	0
19020209	-67
19020210	-28
19020211	-128
19020212	-83
19020213	-111
19020214	-33
19020215	-6
19020216	-11
19020217	-28
19020218	-100
19020220	-72
19020221	-61
19020222	0
19020223	-11
19020224	-28
19020225	-17
19020226	6
19020227	-44
19020228	-33
19020303	-50
19020304	-39
19020305	-28
19020306	11
19020307	-83
19020308	-44
19020309	-133
19020310	-78
19020311	-144
19020312	-111
19020313	-17
19020314	-83
19020315	-44
19020317	6
19020318	-39
19020319	17
19020320	11
19020321	-117
19020322	-44
19020323	-33
19020324	22
19020326	17
19020327	11
19020329	-44
19020330	28
19020331	6
19020401	22
19020402	-11
19020403	-28
19020404	0
19020406	-44
19020407	-61
19020408	-22
19020409	-11
19020410	17
19020411	11
19020412	33
19020413	83
19020414	28
19020415	50
19020416	72
19020418	67
19020419	33
19020421	28
19020422	22
19020423	-11
19020424	17
19020425	11
19020428	28
19020429	22
19020430	-67
19020501	17
19020502	39
19020503	89
19020504	117
19020505	56
19020506	50
19020507	44
19020508	17
19020509	11
19020510	33
19020512	28
19020513	78
19020514	44
19020515	94
19020516	67
19020517	61
19020518	117
19020519	106
19020520	78
19020521	133
19020522	150
19020523	67
19020524	89
19020525	83
19020526	56
19020527	50
19020528	72
19020529	122
19020530	167
19020531	100
19020601	100
19020602	83
19020603	183
19020604	200
19020605	161
19020606	150
19020607	67
19020608	100
19020610	106
19020611	144
19020612	72
19020613	178
19020614	111
19020615	128
19020616	117
19020617	106
19020619	189
19020620	206
19020621	167
19020622	128
19020623	117
19020625	172
19020626	161
19020627	122
19020628	139
19020629	128
19020701	183
19020702	78
19020703	161
19020704	122
19020705	111
19020706	128
19020707	117
19020708	183
19020709	144
19020710	72
19020711	122
19020713	156
19020714	117
19020715	183
19020717	217
19020718	194
19020720	172
19020721	133
19020722	150
19020723	139
19020724	156
19020725	117
19020726	183
19020727	144
19020728	133
19020729	122
19020730	111
19020731	128
19020801	156
19020802	117
19020804	200
19020805	161
19020806	178
19020807	139
19020808	156
19020809	117
19020810	106
19020811	144
19020812	133
19020813	150
19020814	167
19020815	156
19020816	117
19020817	106
19020818	144
19020819	189
19020820	150
19020821	139
19020822	128
19020823	94
19020824	106
19020825	144
19020826	133
19020827	150
19020829	128
19020830	117
19020831	106
19020901	106
19020902	89
19020903	161
19020904	150
19020905	167
19020906	128
19020908	106
19020909	89
19020910	83
19020912	111
19020913	100
19020915	67
19020916	89
19020918	56
19020919	50
19020920	44
19020922	67
19020923	89
19020924	83
19020925	122
19020926	111
19020927	100
19020929	106
19020930	33
19021002	56
19021003	78
19021004	-33
19021006	67
19021007	89
19021009	56
19021010	50
19021011	44
19021012	17
19021013	39
19021014	61
19021015	-17
19021017	78
19021019	17
19021020	39
19021021	61
19021022	-17
19021024	78
19021026	17
19021027	67
19021028	61
19021030	56
19021031	50
19021101	50
19021103	-17
19021104	39
19021105	33
19021106	-33
19021107	28
19021108	50
19021109	44
19021110	17
19021111	39
19021112	33
19021114	56
19021115	50
19021116	-28
19021117	17
19021118	11
19021119	33
19021121	28
19021122	22
19021124	-106
19021125	11
19021126	-72
19021127	-61
19021128	-22
19021201	-94
19021202	-139
19021203	-183
19021204	-33
19021205	-22
19021206	6
19021207	-128
19021208	-17
19021209	0
19021211	-61
19021213	22
19021215	17
19021216	0
19021217	-44
19021218	-33
19021220	6
19021221	-56
19021223	11
19021225	-33
19021226	-22
19021227	-11
19021229	-17
19021231	-122
19010101	-72
19010102	-33
19010103	-22
19010104	-6
19010107	-83
19010108	-44
19010109	-33
19010110	-22
19010111	0
19010112	-56
19010113	-17
19010115	22
19010116	-33
19010117	-22
19010118	0
19010124	17
19010125	11
19010127	-17
19010129	-44
19010130	-33
19010131	-22
19010201	17
19010202	-39
19010203	-28
19010204	-94
19010206	-72
19010207	-122
19010208	-22
19010209	11
19010210	-28
19010211	-94
19010212	-111
19010213	-211
19010214	-89
19010215	-78
19010216	-11
19010217	-56
19010218	-94
19010219	-83
19010220	-72
19010221	-33
19010222	-78
19010223	0
19010224	-172
19010225	-94
19010227	6
19010228	-61
19010301	-133
19010302	-61
19010303	-22
19010304	-11
19010305	-28
19010306	17
19010307	11
19010308	-44
19010309	-33
19010310	28
19010311	22
19010313	17
19010314	39
19010315	33
19010317	-50
19010318	22
19010319	-106
19010320	-17
19010321	-83
19010322	-44
19010323	-144
19010324	28
19010325	-106
19010326	-56
19010327	-94
19010328	-6
19010329	-72
19010330	-33
19010401	28
19010402	22
19010403	72
19010404	17
19010405	11
19010406	33
19010408	56
19010409	22
19010410	44
19010412	11
19010413	33
19010414	-33
19010415	-50
19010416	22
19010417	44
19010418	17
19010419	39
19010420	61
19010422	56
19010423	117
19010425	17
19010426	133
19010427	33
19010428	167
19010430	194
19010501	106
19010502	172
19010503	133
19010504	61
19010505	-28
19010506	28
19010507	22
19010508	44
19010509	139
19010510	128
19010511	89
19010513	228
19010514	217
19010515	178
19010516	167
19010517	67
19010518	33
19010519	83
19010521	78
19010522	72
19010523	94
19010524	156
19010525	33
19010526	106
19010527	28
19010528	189
19010531	128
19010602	117
19010603	183
19010604	200
19010605	217
19010606	206
19010607	139
19010608	156
19010609	250
19010610	267
19010611	172
19010613	72
19010614	111
19010615	156
19010617	106
19010619	217
19010620	122
19010621	94
19010622	233
19010623	278
19010624	267
19010625	228
19010626	217
19010627	178
19010628	167
19010629	156
19010630	117
19010702	172
19010703	133
19010704	122
19010705	139
19010706	156
19010707	117
19010709	200
19010710	217
19010711	283
19010712	272
19010713	233
19010714	250
19010715	267
19010716	256
19010717	189
19010718	206
19010719	244
19010720	289
19010721	306
19010722	239
19010723	256
19010724	217
19010725	283
19010726	244
19010727	233
19010728	306
19010729	267
19010731	217
19010801	233
19010802	222
19010803	211
19010804	200
19010805	217
19010806	206
19010808	156
19010809	194
19010810	239
19010811	256
19010812	217
19010813	283
19010814	167
19010816	278
19010817	267
19010818	172
19010819	217
19010820	150
19010821	167
19010825	144
19010826	161
19010827	178
19010828	167
19010829	156
19010830	117
19010831	106
19010901	106
19010903	89
19010904	122
19010906	128
19010907	117
19010908	94
19010909	172
19010910	189
19010911	178
19010912	139
19010913	156
19010914	117
19010915	94
19010916	144
19010917	161
19010918	150
19010919	111
19010920	100
19010921	117
19010922	106
19010923	172
19010924	133
19010925	206
19010926	167
19010927	156
19010928	117
19010930	172
19011001	144
19011002	133
19011003	122
19011004	139
19011005	156
19011006	117
19011007	106
19011009	78
19011010	122
19011011	111
19011012	100
19011013	117
19011014	83
19011016	78
19011017	44
19011018	94
19011019	100
19011021	83
19011023	78
19011024	72
19011025	94
19011026	100
19011027	89
19011028	106
19011029	56
19011030	78
19011031	72
19011101	72
19011103	67
19011104	61
19011106	56
19011107	50
19011108	44
19011109	17
19011110	39
19011111	33
19011112	0
19011113	-33
19011114	-50
19011115	-11
19011116	6
19011117	11
19011119	0
19011120	28
19011121	-22
19011122	-11
19011123	17
19011124	-17
19011125	33
19011126	0
19011127	28
19011128	22
19011129	-11
19011130	-28
19011201	-17
19011203	-44
19011204	-33
19011205	-22
19011206	-128
19011207	17
19011208	11
19011209	-83
19011210	-117
19011211	-61
19011212	-100
19011213	-39
19011214	-56
19011215	-94
19011216	-83
19011217	-72
19011219	-22
19011220	-39
19011221	6
19011222	-6
19011223	-122
19011225	-133
19011226	-50
19011227	117
19011228	-111
19011230	-122
19011231	0
19020101	-17
19020102	11
19020103	-139
19020104	6
19020105	-150
19020106	-117
19020108	-17
19020109	11
19020110	33
19020111	6
19020112	-117
19020114	-56
19020115	-144
19020116	11
19020117	-44
19020118	-150
19020119	-50
19020120	22
19020121	0
19020122	-172
19020123	-6
19020125	6
19020127	-11
19020128	-28
19020130	-111
19020201	-72
19020202	6
19020203	-50
19020204	-67
19020205	-56
19020206	-94
19020207	-83
19020208	-72
19020209	-139
19020210	-183
19020211	-67
19020212	0
19020213	-17
19020214	-83
19020215	-44
19020216	6
19020218	-39
19020219	-28
19020221	-6
19020222	-44
19020223	-33
19020224	-22
19020225	-11
19020226	-28
19020227	-17
19020228	-6
19020301	-94
19020302	22
19020303	-44
19020304	-61
19020306	-156
19020307	6
19020308	-111
19020309	-106
19020310	-72
19020311	-89
19020312	-161
19020313	-67
19020314	-28
19020315	-17
19020318	-33
19020319	11
19020320	-67
19020321	-111
19020324	44
19020325	17
19020326	11
19020327	-11
19020328	-28
19020329	-17
19020330	-83
19020331	-72
19020401	-72
19020403	11
19020404	33
19020405	-56
19020406	-17
19020407	-83
19020408	-72
19020409	-33
19020410	-6
19020411	-11
19020412	6
19020413	28
19020414	22
19020415	-44
19020416	17
19020417	-6
19020418	61
19020419	6
19020420	56
19020421	50
19020423	17
19020424	67
19020425	-11
19020426	6
19020427	-17
19020428	22
19020429	44
19020430	17
19020501	11
19020502	33
19020503	83
19020504	56
19020505	50
19020506	117
19020507	17
19020508	39
19020509	33
19020510	6
19020511	28
19020512	78
19020513	44
19020514	94
19020515	67
19020516	33
19020517	178
19020518	111
19020519	128
19020520	117
19020522	144
19020523	133
19020524	122
19020525	111
19020526	100
19020527	72
19020528	94
19020529	144
19020530	161
19020531	122
19020601	150
19020602	111
19020603	156
19020604	44
19020605	94
19020606	67
19020607	61
19020608	150
19020609	56
19020610	78
19020611	117
19020612	106
19020613	172
19020614	161
19020615	206
19020617	50
19020618	72
19020619	106
19020620	200
19020622	150
19020623	167
19020624	156
19020625	72
19020626	183
19020627	144
19020628	161
19020629	150
19020701	156
19020702	72
19020703	94
19020704	172
19020705	133
19020706	178
19020707	139
19020708	156
19020709	72
19020710	106
19020711	144
19020712	133
19020713	150
19020714	111
19020715	100
19020716	194
19020717	106
19020718	244
19020719	156
19020720	117
19020722	144
19020723	133
19020724	150
19020725	139
19020726	128
19020727	194
19020728	106
19020729	172
19020730	161
19020731	122
19020801	150
19020802	167
19020803	156
19020805	106
19020807	133
19020808	122
19020810	156
19020811	117
19020813	172
19020814	161
19020815	150
19020816	139
19020817	156
19020818	117
19020819	183
19020820	144
19020821	133
19020822	122
19020823	139
19020824	156
19020825	117
19020826	106
19020827	172
19020828	133
19020829	122
19020830	139
19020831	128
19020901	128
19020902	117
19020903	106
19020904	144
19020905	133
19020906	122
19020907	167
19020908	156
19020909	117
19020910	106
19020911	78
19020912	72
19020913	122
19020914	67
19020915	100
19020916	117
19020917	106
19020918	78
19020919	72
19020921	67
19020922	100
19020923	83
19020924	106
19020925	78
19020926	72
19020927	94
19020928	67
19020929	100
19021001	28
19021002	50
19021003	72
19021004	17
19021005	67
19021006	61
19021007	83
19021008	28
19021009	50
19021010	72
19021011	17
19021012	39
19021013	61
19021015	-11
19021017	44
19021019	39
19021020	-33
19021021	6
19021022	56
19021023	50
19021024	72
19021025	17
19021026	67
19021027	61
19021029	56
19021030	50
19021031	44
19021101	44
19021102	17
19021103	39
19021105	-17
19021106	-83
19021107	22
19021108	44
19021110	39
19021111	61
19021112	6
19021113	56
19021114	50
19021115	44
19021116	17
19021117	11
19021118	33
19021119	6
19021120	28
19021122	44
19021123	17
19021124	-6
19021125	-144
19021127	28
19021128	-44
19021129	-33
19021130	-50
19021203	-94
19021204	-144
19021206	-33
19021207	-22
19021208	11
19021209	-56
19021210	6
19021213	-33
19021214	17
19021215	11
19021216	-28
19021217	-17
19021219	-44
19021220	0
19021221	-22
19021222	-67
19021223	-28
19021224	6
19021225	28
19021226	-44
19021227	0
19021228	-22
19021229	-67
19021230	-28
19021231	-200
19010101	-94
19010102	-83
19010103	-106
19010104	-33
19010105	6
19010106	-11
19010107	-56
19010108	-17
19010110	11
19010112	6
19010113	-11
19010114	-28
19010115	-17
19010119	6
19010120	-11
19010121	-28
19010122	44
19010123	17
19010124	-6
19010126	6
19010127	-11
19010128	-28
19010129	0
19010130	-83
19010131	-44
19010201	11
19010202	-33
19010203	-78
19010204	-11
19010205	-28
19010206	-128
19010207	-83
19010208	-6
19010209	-33
19010210	-50
19010211	-117
19010212	-133
19010213	-100
19010215	-167
19010216	-33
19010217	-78
19010218	-189
19010219	-100
19010220	-94
19010222	-72
19010223	-89
19010224	-78
19010225	-11
19010227	0
19010228	-83
19010301	-94
19010302	-122
19010303	-72
19010304	0
19010305	-22
19010306	11
19010307	-56
19010308	-17
19010310	22
19010311	0
19010312	17
19010313	39
19010314	33
19010315	6
19010317	22
19010318	0
19010319	-22
19010320	-6
19010321	-28
19010322	-17
19010324	50
19010325	-89
19010326	-50
19010327	-39
19010328	-28
19010329	-17
19010330	-83
19010401	22
19010402	44
19010403	17
19010404	39
19010406	-17
19010407	28
19010408	22
19010409	0
19010410	17
19010411	39
19010413	6
19010414	28
19010415	-44
19010416	0
19010418	39
19010419	33
19010420	6
19010421	28
19010423	44
19010424	100
19010425	11
19010426	106
19010427	144
19010429	178
19010430	111
19010501	17
19010502	67
19010505	-22
19010506	50
19010507	0
19010508	94
19010509	39
19010510	178
19010512	100
19010513	222
19010514	239
19010515	200
19010516	133
19010517	89
19010518	6
19010519	100
19010520	50
19010521	106
19010523	161
19010524	89
19010525	167
19010526	100
19010527	50
19010528	44
19010529	144
19010530	133
19010601	150
19010602	167
19010603	156
19010604	194
19010605	211
19010606	228
19010607	189
19010608	206
19010609	167
19010610	156
19010612	183
19010613	144
19010614	67
19010615	150
19010616	167
19010617	156
19010618	222
19010619	183
19010620	172
19010621	217
19010622	150
19010623	167
19010624	261
19010625	194
19010626	239
19010628	161
19010629	178
19010630	139
19010701	156
19010702	117
19010703	106
19010704	94
19010705	133
19010706	150
19010707	139
19010708	156
19010709	117
19010710	267
19010711	256
19010712	189
19010713	178
19010714	167
19010715	156
19010716	278
19010717	211
19010718	228
19010719	217
19010720	311
19010721	272
19010722	317
19010723	250
19010724	267
19010725	200
19010726	217
19010727	206
19010728	300
19010730	222
19010731	267
19010801	178
19010802	167
19010803	233
19010804	222
19010805	211
19010806	200
19010807	161
19010808	178
19010809	167
19010810	156
19010811	194
19010812	267
19010813	200
19010815	206
19010816	272
19010817	261
19010818	222
19010819	211
19010820	228
19010821	161
19010822	178
19010823	167
19010824	156
19010826	183
19010827	172
19010828	161
19010829	150
19010830	139
19010831	156
19010901	100
19010902	117
19010903	106
19010905	50
19010906	122
19010907	167
19010908	128
19010909	117
19010910	83
19010911	172
19010912	161
19010913	72
19010914	139
19010915	128
19010916	117
19010917	106
19010918	144
19010919	161
19010920	150
19010921	139
19010922	156
19010923	194
19010924	211
19010925	200
19010927	150
19010928	167
19010929	156
19010930	117
19011001	78
19011002	106
19011004	133
19011005	122
19011006	139
19011007	128
19011008	117
19011009	106
19011011	67
19011012	89
19011013	83
19011014	100
19011015	78
19011016	106
19011017	94
19011019	89
19011020	83
19011021	100
19011022	78
19011023	106
19011024	94
19011026	89
19011027	83
19011028	100
19011029	78
19011030	72
19011101	17
19011102	67
19011103	89
19011104	-28
19011105	56
19011106	50
19011107	44
19011108	-33
19011109	0
19011110	33
19011111	-28
19011112	-17
19011113	-83
19011114	-44
19011115	17
19011116	-6
19011117	-11
19011118	-28
19011119	-17
19011121	-44
19011122	-61
19011123	11
19011124	-144
19011125	-28
19011126	28
19011127	22
19011129	-33
19011130	-22
19011201	-11
19011202	-28
19011204	-167
19011205	-44
19011206	17
19011207	39
19011208	-67
19011209	-56
19011210	-111
19011211	-106
19011212	-44
19011213	-33
19011215	-100
19011216	-56
19011217	-94
19011218	6
19011219	-44
19011221	11
19011222	-39
19011223	-28
19011224	-94
19011225	-106
19011226	-72
19011227	-33
19011228	-22
19011229	-39
19011231	28
19020101	6
19020102	-222
19020104	28
19020105	22
19020106	-111
19020107	17
19020108	6
19020109	-117
19020111	-83
19020112	-111
19020113	-33
19020114	-22
19020115	-11
19020117	-17
19020118	-144
19020119	-72
19020120	-211
19020121	-78
19020122	-6
19020123	-28
19020128	-22
19020129	-6
19020130	-133
19020131	-17
19020201	-17
19020202	0
19020203	-44
19020204	-33
19020205	-50
19020206	-11
19020207	-28
19020208	-17
19020209	-133
19020210	-156
19020211	-61
19020212	-78
19020213	-11
19020214	-150
19020215	-222
19020216	0
19020217	22
19020218	-33
19020219	-50
19020220	-39
19020221	-28
19020222	-17
19020223	0
19020224	-44
19020225	-33
19020226	-22
19020227	-6
19020228	-28
19020301	-67
19020303	-94
19020305	-44
19020306	-33
19020307	0
19020308	-189
19020309	-156
19020310	-144
19020311	-83
19020312	-211
19020313	-89
19020314	-22
19020315	-11
19020317	-17
19020318	-139
19020319	-44
19020320	-33
19020321	0
19020322	-11
19020323	-28
19020324	17
19020325	11
19020327	-33
19020328	28
19020329	-11
19020330	-28
19020331	-17
19020401	17
19020402	11
19020403	-44
19020404	-33
19020405	-22
19020406	-11
19020407	-28
19020408	-17
19020409	6
19020410	-44
19020412	0
19020413	22
19020414	72
19020415	-17
19020416	6
19020417	33
19020418	83
19020419	28
19020420	22
19020421	-28
19020422	17
19020423	67
19020424	61
19020425	-33
19020426	28
19020427	-67
19020428	-56
19020429	-17
19020430	11
19020501	61
19020502	-28
19020503	28
19020504	50
19020505	122
19020507	6
19020508	-11
19020509	-28
19020510	56
19020511	50
19020512	72
19020513	17
19020514	67
19020515	61
19020516	83
19020517	28
19020518	50
19020519	150
19020520	17
19020521	67
19020522	61
19020523	83
19020524	56
19020525	50
19020526	122
19020527	139
19020528	100
19020529	89
19020530	83
19020531	28
19020601	56
19020602	133
19020603	150
19020604	111
19020605	128
19020606	61
19020607	106
19020608	56
19020609	78
19020610	72
19020612	100
19020613	194
19020615	144
19020616	189
19020617	44
19020618	139
19020619	156
19020620	89
19020621	106
19020622	172
19020623	78
19020624	122
19020625	111
19020628	106
19020629	172
19020630	78
19020701	122
19020702	111
19020703	156
19020704	117
19020705	106
19020706	172
19020707	161
19020708	122
19020709	111
19020710	156
19020711	117
19020712	106
19020714	133
19020715	178
19020716	139
19020717	128
19020718	217
19020719	150
19020720	167
19020721	156
19020722	194
19020723	183
19020724	172
19020725	133
19020726	178
19020727	167
19020728	156
19020729	117
19020730	106
19020731	144
19020801	172
19020802	133
19020803	206
19020804	167
19020805	128
19020806	117
19020807	183
19020808	172
19020809	133
19020810	122
19020811	167
19020812	128
19020813	117
19020814	106
19020816	133
19020817	150
19020818	111
19020819	156
19020820	117
19020821	106
19020823	133
19020824	178
19020826	156
19020827	117
19020828	183
19020829	144
19020830	89
19020831	150
19020902	111
19020903	128
19020904	117
19020905	106
19020907	133
19020908	150
19020909	111
19020910	100
19020911	117
19020912	106
19020913	67
19020914	89
19020915	83
19020916	111
19020917	128
19020918	117
19020919	17
19020920	39
19020921	61
19020922	83
19020923	111
19020924	100
19020925	72
19020926	94
19020927	67
19020928	89
19021001	50
19021002	44
19021003	94
19021004	39
19021005	61
19021006	83
19021007	56
19021008	50
19021009	44
19021010	17
19021011	39
19021014	56
19021015	22
19021016	44
19021017	17
19021018	67
19021019	33
19021020	-133
19021021	28
19021023	-50
19021025	67
19021026	61
19021028	56
19021029	78
19021030	44
19021101	94
19021102	39
19021103	61
19021105	28
19021106	-28
19021109	11
19021110	61
19021112	28
19021113	50
19021114	44
19021115	17
19021116	6
19021117	33
19021119	28
19021120	22
19021122	17
19021123	39
19021124	-89
19021125	-22
19021127	22
19021128	-17
19021129	-83
19021130	-44
19021201	-89
19021202	-78
19021203	-67
19021204	-56
19021205	-17
19021206	17
19021207	6
19021208	-33
19021209	-50
19021210	28
19021211	22
19021212	-17
19021214	11
19021216	-22
19021217	28
19021218	-28
19021219	-17
19021221	11
19021222	-89
19021223	-78
19021224	28
19021225	50
19021226	-17
19021228	6
19021229	-33
19021230	-22
19021231	-117
